  class      n  done  live sumProxy  sumReal     TILT   live-share of proxy
  2004     110   110     0    81015    40507   0.5000     0.0%
  2005     109   108     1    97485    54280   0.5568     7.0%
  2006     122   122     0    97717    63629   0.6512     0.0%
  2007     122   120     2    81724    60539   0.7408     5.2%
  2008     134   132     2   129673    62304   0.4805     6.0%
  2009     126   123     3    79271    45194   0.5701    13.0%
  2010     138   129     9   113791    61714   0.5423    33.0%
  2011     141   125    16   110213    71088   0.6450    37.4%
  2012     108    93    15    76597    49200   0.6423    63.0%
  2013      99    78    21    95396    61308   0.6427    52.8%
  2014     114    89    25    83887    61041   0.7277    65.6%
  2015      95    77    18    63803    37387   0.5860    70.1%
  2016      75    75     0    17987     2881   0.1602     0.0%
  2017      61    61     0     8712      245   0.0282     0.0%
  2018      79    79     0    12085      694   0.0575     0.0%
  2019      59    59     0     3268       33   0.0101     0.0%
  2020      42    42     0     3055        2   0.0006     0.0%
  2021      42    42     0      993        0   0.0004     0.0%
  2022      49    49     0        0        0      nan     0.0%

PRIMARY  classes 2004-2015 : n=1418  done=1306 live=112  TILT=0.6017
CENSORED classes 2016-2022 : n= 407  done= 407 live=  0  TILT=0.0836
