ORDER 32 S5 STEP 5 -- BAND-MONOTONE COUNTERFACTUAL (Option B), from the fit's own PAVA input
  KPD   band means in  :   1360.3    707.8    536.2    441.1    375.0
        band means pava:   1360.3    707.8    536.2    441.1    375.0   
  KPF   band means in  :   1570.6    875.6    623.1    467.0    247.9
        band means pava:   1570.6    875.6    623.1    467.0    247.9   
  MID   band means in  :   2216.6   1155.1    846.8    647.3    324.6
        band means pava:   2216.6   1155.1    846.8    647.3    324.6   
  RUCK  band means in  :   2007.8   1022.1   1129.6    986.2    315.8
        band means pava:   2007.8   1074.5   1074.5    986.2    315.8   POOLED 11-20,21-30
  SD    band means in  :   1514.5   1017.0    567.0    347.4    185.0
        band means pava:   1514.5   1017.0    567.0    347.4    185.0   
  SF    band means in  :   1454.7    711.5    434.1    416.1    241.1
        band means pava:   1454.7    711.5    434.1    416.1    241.1   
  conservation scalar lambda = 0.999694221   share-weighted total drift 7.276e-12

COUNTERFACTUAL MINUS SHIPPED (v0 points), by pick x position -- the price of relaxing the ruling
  pick      KPD      KPF      MID     RUCK       SD       SF
     1     +1.6     +3.3     +9.1   -101.7     +9.4     -0.4
     2     +0.9     +2.6     +7.7    +52.0     +8.5     -1.0
     3     +0.2     +2.0     +7.2    +89.1     +7.9     -1.3
     4     -1.5     +1.1     +6.3     +4.3     +6.6     -2.6
     5     -3.0     +0.1     +4.8     +2.6     +5.4     -4.0
     6     -4.4     -1.2    -27.7     +0.5    -45.2     -5.5
     7     -4.6     -1.2    -54.2     +0.2    -16.6     -5.7
     8     -4.7     -1.2    -16.0     -0.1    -15.3     -6.0
     9     -4.9     -1.3    +14.1     -0.4    -20.8     -6.1
    10     -4.9     -5.6    +19.8     -0.5     -9.5     -6.2
    11     -5.4     -1.3    +43.6    +60.4    +24.1     -7.8
    12     -1.9     +8.3    +48.1    +67.1    +60.0     -4.7
    13     -4.0     +0.3     +2.5    +57.3     +4.1     -6.5
    14     -4.5     -0.3     +1.5    -81.6     +3.4     -7.1
    15    -31.9     -8.8     +0.8   -178.5     +2.9     -7.4
    16    -15.2     +0.8     +0.8   -122.4     +2.9     -7.5
    17     +7.7     +7.7     -7.8    -60.0     +2.9     -7.5
    18    +12.0     +1.0    -16.3    -17.1     +2.8     -7.6
    19     -0.6     +0.9     +4.7    +11.7     +2.6     -7.7
    20     -9.0     -4.8    +12.0    +59.3     +2.5     -7.8
    21     -0.4     +7.1     +6.4    +21.0     +2.4     -7.8
    22     -4.8     +0.8     +0.5    +60.5     +2.3     -7.9
    23     -4.9     +0.7     +0.4    +39.2     +2.1     -8.0
    24     -5.1     +0.6     -2.0     +7.0     +1.9     -8.1
    25     -5.2     +0.5     -0.8    -14.1     +1.7    -20.1
    26     -5.2     +0.4     +4.1    -10.5     +1.5    -29.3
    27     -5.3     +0.4     +1.4     -5.0     +1.4    -28.7
    28     -5.3     +0.4     +1.3     -4.3     +1.3    -16.9
    29     -5.9     +0.3     +1.2     +5.0     +1.2    -11.9
    30     -4.7     +0.3     +1.1     -7.8     +1.1     -6.9
    31     -5.3     +0.2     +0.9    +25.8     +1.1     -3.6
    32     -5.3     +0.2     +0.8    +15.2     +1.0     +0.0
    33     -5.4     +0.1     +0.7    +25.7     +1.0     +1.1
    34     -5.4     +0.0     +0.6    +19.6     +0.9     +2.2
    35     -5.4     -0.1     -3.5     +3.5     +0.9     +1.1
    36     -5.5     -0.1     -6.0     +3.3     +0.9    +11.0
    37     -5.5     -0.2     +0.2     +3.1     +0.9     +7.2
    38     -5.5     -0.3     +7.1     +2.9     +0.8     -1.1
    39     -5.6     -0.3     +5.5     +2.6     +0.8     -1.1
    40     -5.6     -0.4     +1.9     +2.4     +0.8     -1.2
    41     -5.6     -0.4     +1.9     +2.2     +0.7     -1.3
    42     -5.6     -0.5     +1.8     +1.9     +0.6     -1.4
    43     -5.7     -0.6     +1.7     +1.7     +0.6     -1.5
    44     -5.7     -0.6     +1.6     +1.6     +0.5     -1.6
    45     -9.0     -0.7     +1.4     +1.4     +0.5     -1.6
    46     -9.8     -0.7     +1.3     +1.2     +0.4     -9.1
    47     -9.1     -0.8     +1.2     +1.1     +0.3    -11.2
    48     -9.3     -0.8     +1.1     +0.9    -10.3     -8.1
    49     -7.1     -0.9     +1.0     +0.8    -25.0     -3.8
    50     -3.4     -0.9     +0.9     +0.7    -34.8     +2.6
    51     -0.8     -0.9     +0.8     +0.6    -40.5     +8.0
    52     -0.5     -1.0     +0.7     +0.6    -42.3    +10.7
    53     -3.4     -1.0     +0.7     +0.5    -40.8    +10.4
    54     -6.8     -5.9     +0.6     +0.4    -36.6     +5.7
    55    -12.5    -10.4     +0.5     +0.4    -30.7     +0.6
    56    -19.9    -12.8     +0.5     +0.3    -23.7     +0.5
    57    -27.5    -16.7     +0.4     +0.3    -16.6     +0.5
    58    -28.9    -17.9     +0.4     +0.2     -7.5     +0.4
    59    -31.3    -17.1     +0.3     +0.2     +2.8     +0.3
    60    -18.2    -12.8     +0.2     +0.1    +17.2     +0.2
    61     -1.5     -0.6     +0.2     +0.1    +36.6     +0.1
    62    +42.4    +16.6     +0.1     +0.0    +61.2     +0.0
    63    +78.2    +27.3     +0.1     -1.0    +84.8     +0.0
    64   +136.4    +51.6     +0.0     +0.0   +115.3     +0.0
  (picks where every |delta| < 0.5 omitted)

WITHIN-BAND ASCENTS THE COUNTERFACTUAL CREATES (pick pairs where v0 would INCREASE with pick)
  KPD   14 ascents [12, 16, 17, 18, 21, 30, 49, 50, 51, 60, 61, 62, 63, 64]
  KPF   10 ascents [11, 12, 16, 17, 21, 60, 61, 62, 63, 64]
  MID   11 ascents [8, 9, 10, 11, 12, 19, 20, 25, 26, 37, 38]
  RUCK  15 ascents [2, 3, 11, 12, 16, 17, 18, 19, 20, 22, 26, 27, 29, 31, 33]
  SD    17 ascents [7, 8, 10, 11, 12, 53, 54, 55, 56, 57, 58, 59, 60, 61, 62, 63, 64]
  SF    14 ascents [12, 28, 29, 30, 31, 32, 33, 34, 36, 48, 49, 50, 51, 52]

BOARD IMPACT -- candidate board, 561 ND pick-1-64 rows of 804 (v0==surface check: 0 mismatches)
  band     rows     mean dv0      min dv0      max dv0
  1-10      122         -2.9        -54.2         89.1
  11-20     113          5.0       -122.4         60.0
  21-30     100         -3.7        -29.3         60.5
  31-40      73          0.6         -6.0         25.7
  41-64     153         -3.4        -42.3         84.8
  rows with |dv0| >= 10 points: 125 of 561

  TWENTY LARGEST |dv0| MOVERS (v0 is the entry stock; live price moves by less -- it is v0 scaled
  by the law's D/Phi/beta bracket, so treat these as upper bounds on price moves)
  player                       pos   pick    v0 now    v0 ctf     delta
  Will Green                   RUCK    16    1075.8     953.4    -122.4
  Luke Jackson                 RUCK     3    2800.1    2889.3     +89.1
  Lawson Humphries             SD      63     159.3     244.1     +84.8
  Brodie Grundy                RUCK    22    1069.8    1130.4     +60.5
  Josh Sinn                    SD      12    1286.1    1346.1     +60.0
  Jaspa Fletcher               SD      12    1286.1    1346.1     +60.0
  Liam Duggan                  SD      12    1286.1    1346.1     +60.0
  Nick Vlastuin                SD      12    1286.1    1346.1     +60.0
  Taylor Goad                  RUCK    20    1071.8    1131.1     +59.3
  Caleb Windsor                MID      7    1577.6    1523.4     -54.2
  Sam Cumming                  MID      7    1577.6    1523.4     -54.2
  Cameron Mackenzie            MID      7    1577.6    1523.4     -54.2
  Bailey Smith                 MID      7    1577.6    1523.4     -54.2
  Josh Ward                    MID      7    1577.6    1523.4     -54.2
  Josh Smillie                 MID      7    1577.6    1523.4     -54.2
  Hayden Young                 MID      7    1577.6    1523.4     -54.2
  Jacob Hopper                 MID      7    1577.6    1523.4     -54.2
  Taylor Walker                KPF     64     205.2     256.8     +51.6
  Taj Hotton                   MID     12    1572.7    1620.8     +48.1
  Tanner Bruhn                 MID     12    1572.7    1620.8     +48.1
