PER-PICK RE-ANCHOR, ERA-FREE BASIS -- 64 rows, no buckets, no bands
peak year = 4   target residual = 1.40 (TEACHING ONLY)   kernel = Gaussian
bandwidth h = 8.00 picks -- FIXED, not the LOO argmin (h_loo = 21.0); see the log's
STEP 3 disclosure: the CV surface is flat and its argmin collapses toward the
barred uniform scalar. Engine head a0a20d6e (era-free).

  pick    n   mean_yr0  mean_yr4   n_zero    R_raw      R_s        f       old      new
  ------------------------------------------------------------------------------------------------
     1   19     3034.9     4585.9       0    1.5111   1.5700 1.121405     3000     3364
     2   19     2937.2     4918.8       0    1.6747   1.5683 1.120231     2999     3360
     3   19     2972.3     4436.4       0    1.4926   1.5664 1.118833     2874     3216
     4   18     2288.5     3292.3       0    1.4386   1.5641 1.117216     2424     2708
     5   19     1881.2     3660.4       0    1.9458   1.5616 1.115397     1881     2098
     6   19     1355.1     1516.3       0    1.1190   1.5588 1.113401     1550     1726
     7   19     1572.6     2630.2       0    1.6725   1.5558 1.111268     1549     1721
     8   19     1570.3     2861.9       0    1.8225   1.5527 1.109051     1548     1717
     9   19     1382.4     2504.2       0    1.8114   1.5495 1.106813     1475     1633
    10   19     1537.7     2266.6       0    1.4740   1.5465 1.104629     1460     1613
    11   19     1471.7     2447.0       0    1.6627   1.5436 1.102580     1459     1609
    12   18     1508.0     2441.2       0    1.6188   1.5410 1.100749     1458     1605
    13   19     1421.3     2026.3       0    1.4256   1.5389 1.099214     1347     1481
    14   18     1138.8     1918.2       0    1.6844   1.5373 1.098047     1165     1279
    15   19      937.7     1011.0       0    1.0782   1.5362 1.097300     1030     1130
    16   19     1032.1      978.4       0    0.9480   1.5358 1.097003     1004     1101
    17   19     1014.9     1584.2       0    1.5608   1.5360 1.097160     1003     1100
    18   19     1001.9     1568.7       0    1.5657   1.5368 1.097746     1002     1099
    19   19      934.0     1564.4       0    1.6749   1.5382 1.098704     1001     1098
    20   19     1049.7     1804.8       0    1.7194   1.5399 1.099953      990     1089
    21   19      975.0     1503.0       3    1.5416   1.5419 1.101390      942     1038
    22   19      927.1     1620.9       3    1.7483   1.5441 1.102895      887      978
    23   19      849.7      927.9       3    1.0920   1.5461 1.104344      836      923
    24   19      793.0      855.9       5    1.0794   1.5479 1.105615      795      879
    25   19      806.2     2326.9       3    2.8864   1.5492 1.106596      763      844
    26   19      658.5      518.2       1    0.7869   1.5501 1.107191      739      818
    27   19      692.3      862.8       5    1.2464   1.5503 1.107328      719      796
    28   19      683.8     1363.3       3    1.9936   1.5497 1.106955      702      777
    29   19      633.6     1796.6       5    2.8354   1.5485 1.106045      684      757
    30   19      640.6      798.5       4    1.2466   1.5464 1.104591      663      732
    31   19      636.9      654.0       4    1.0268   1.5436 1.102604      641      707
    32   19      700.0      660.6       6    0.9437   1.5402 1.100107      618      680
    33   19      595.7     1070.3       3    1.7967   1.5360 1.097131      596      654
    34   19      592.8     1214.7       4    2.0491   1.5312 1.093711      577      631
    35   19      580.2      678.4       5    1.1693   1.5258 1.089884      561      611
    36   19      558.0      649.7       7    1.1643   1.5200 1.085685      549      596
    37   19      572.3      783.4       3    1.3690   1.5136 1.081152      539      583
    38   19      564.1     1099.7       5    1.9493   1.5068 1.076321      531      572
    39   19      467.5      830.9       4    1.7774   1.4997 1.071232      523      560
    40   19      467.0      598.6       6    1.2819   1.4923 1.065925      514      548
    41   19      541.1      679.7       7    1.2561   1.4846 1.060444      502      532
    42   19      517.5     1140.1       6    2.2028   1.4768 1.054833      487      514
    43   19      436.6      589.0       4    1.3492   1.4688 1.049134      470      493
    44   19      420.9      823.5       5    1.9565   1.4607 1.043383      450      470
    45   19      418.2      402.2       7    0.9617   1.4526 1.037604      429      445
    46   19      379.0      599.9       6    1.5830   1.4445 1.031809      409      422
    47   19      382.0      399.5       9    1.0458   1.4364 1.025991      390      400
    48   19      373.5      423.3       7    1.1333   1.4282 1.020124      373      381
    49   19      375.4      548.9       8    1.4623   1.4198 1.014166      358      363
    50   19      355.6      307.5       6    0.8649   1.4113 1.008060      346      349
    51   19      326.6      370.0       6    1.1330   1.4024 1.001741      338      339
    52   19      301.5      394.1      11    1.3069   1.3932 0.995140      327      325
    53   19      305.1      792.0       6    2.5959   1.3835 0.988196      317      313
    54   19      327.1      480.0       6    1.4676   1.3732 0.980857      308      302
    55   19      277.0      461.2       9    1.6651   1.3623 0.973091      298      290
    56   19      286.1      417.9       8    1.4606   1.3508 0.964885      288      278
    57   19      258.6      501.3       7    1.9384   1.3388 0.956250      277      265
    58   19      278.3      265.8       9    0.9550   1.3261 0.947221      265      251
    59   18      235.9      301.4       8    1.2781   1.3130 0.937852      252      236
    60   18      227.6      236.4      10    1.0388   1.2995 0.928216      238      221
    61   17      221.5      182.0       7    0.8216   1.2858 0.918399      224      206
    62   16      231.0       81.1      10    0.3509   1.2719 0.908498      210      191
    63   15      204.4       90.2       9    0.4412   1.2581 0.898613      197      177
    64   14      187.5      394.5       5    2.1043   1.2444 0.888844      185      164
